469070
487130
487750
470310
364960
412560
290130
337160
385590
417630
289260
289040
395760
285690
413930
395750
289250
322400
139260
326240
363580
243880
266370
261060
315930
395170
447430
445690
482870
494330
491510
275300
275290
223190
145850
452440
227570
234310
143460
244660
244670
117700
139220
300640
300950
300610
395280
139280
139290
266390
407300
138530
450120
105780
102780
213610
108450
138520
131890
469170
138540
139270
284980
102960
404260
404650
404540
326230
314700
368190
368680
385710
442090
277640
337140
445290
360140
360150
401470
401170
400970
402460
275280
244620
147970
228810
395290
266360
475050
395150
410870
407160
143860
244580
364970
462900
463050
266420
227540
261070
253280
460280
396500
091160
388420
455850
091230
395270
471760
469150
395160
474590
494310
486240
475300
475310
494220
488210
476260
471990
449450
463250
490480
161510
466940
325020
472150
266160
315960
489030
484880
279530
211560
210780
211900
104530
445910
192720
251590
270800
281990
322410
305540
305720
462010
364980
462330
422420
461950
455860
412570
465330
446700
385600
488200
466810
174350
215620
279540
266550
140700
329200
227550
476000
227560
454320
226380
325010
422260
157490
367770
140570
438900
385510
375770
377990
376410
375760
404120
457990
381570
117460
139250
243890
228800
104520
140580
261140
421320
140710
434730
433500
091170
091220
365000
091180
466930
385520
387280
381560
464600
487240
491820
466920
441540
445150
494670
280920
139230
150460
438740
277650
102970
157500
292150
337150
307520
427110
117680
139240
407170
388280
337120
444200
471780
457930
373490
469790
482030
367760
380340
315270
367740
098560
407820
427120
266410
483020
464610
307510
473380
228790
479850